320100195001011230 王一 12345 20200101 345.5
320100195102011231 王二 10345 20200201 355
320100195203011232 王三 14345 20200301 365.5
320100195304011233 王四 12545 20200401 375.5
320100195405011234 王五 12745 20200501 385.5
320100195506011235 王六 12385 20200601 395.5
320100195607011236 王七 12343 20200701 315.5
320100199601081087 李一七 11322 20160131 301.7
320100195708011237 王八 12356 20200801 325.5
320100195405011234 王五 12725 20200508 385.5
320100195203011232 王三 14343 20190301 335.5
320100195809011238 王九 12342 20200901 335.5

320100195910011239 王十 12467 20201001 355.5
320100196001011240 王十一 12375 20190101 215.5
320100196102011241 王十二 22345 20190201 225.5
320100196203011242 王十三 62345 20190301 235.5
320100196304011243 王十四 82345 20190401 245.5
320100196405011244 王十五 42345 20190501 255.5
320100196506011245 王十六 16345 20190601 265.5
320100195203011232 王三 14342 20200306 315.5
320100199601081087 李一七 11320 20160101 301.7
320100196607011246 王十七 12345 20190701 275.5
320100195405011234 王五 12745 20200501 385.5
320100196708011247 王十八 13325 20190801 355.5
320100196809011248 王十九 17345 20190901 305.5

320100196910011249 王二十 12848 20191001 395.5
320100197001011214 王二一 12345 20180101 105.5
320100197102011224 王二二 12347 20180201 115.5
320100195001011230 王一 12378 20180705 302.8
320100197304011244 王二三 12245 20180301 125.5
320100195203011232 王三 14342 20200721 315.5
320100197405011254 王二四 12645 20180401 135.5
320100197506011264 王二五 12375 20180501 145.5
320100197607011274 王二六 12340 20180601 155.5
320100195203011232 王三 14245 20180301 185.5
320100197708011284 王二七 12341 20180701 165.5
320100197809011294 王二八 12325 20180801 175.5
320100197910011304 王二九 12345 20180901 185.5

320100198001110001 王三十 17345 20170101 207.3
320100198102110002 王三一 17325 20170201 217.3
320100198203110003 王三二 17375 20170301 227.3
320100198304110004 王三三 17345 20170401 237.3
320100198405110005 王三四 17345 20170501 247.3
320100198506110006 王三五 17385 20170601 257.3
320100197607011274 王二六 12320 20180701 155.5
320100198405110005 王三四 17325 20170601 247.3
320100198607110007 王三六 17445 20170701 267.3
320100198708110008 王三七 17945 20170801 277.3
320100198405110005 王三四 17341 201702024 247.3
320100198809110009 王三八 17045 20170901 287.3
320100198910110010 王三九 17345 20171001 297.3

320100199010111021 王四十 17345 20160102 412.3
320100199010120211 王四一 17345 20160103 410.3
320100199010130212 王四二 17345 20160104 411.3
320100199010140213 王四三 17385 20160105 452.3
320100199010150214 王四四 17345 20160106 422.3
320100198405110005 王三四 17325 20170607 247.3
320100199601081087 李一七 11370 20161201 301.7
320100197607011274 王二六 12343 20170601 155.5
320100199010170216 王四六 17245 20160108 411.3
320100199010180217 王四七 15345 20160109 410.3
320100199010190218 王四八 19345 20160110 408.2
320100197607011274 王二六 12370 20180306 155.5
320100199010200219 王四九 10345 20160111 483.7

320100199101010320 王五十 40315 20150102 293.8
320100199101020321 王五一 40325 20150103 293.8
320100199101030322 王五二 40335 20150104 293.8
320100199101040323 王五三 40345 20150105 293.8
320100199101050324 王五四 40355 20150106 223.8
320100199601081087 李一七 41320 20161101 301.7
320100199101070326 王五六 40375 20150108 291.8
320100199101080327 王五七 40385 20150109 290.8
320100197607011274 王二六 14340 20180702 155.5
320100199101090328 王五八 40395 20150110 293.1
320100199101100329 王五九 40329 20150111 234.9

320100199201011010 王六十 42720 20140101 244.9
320100199201021011 王六一 42720 20140102 244.9
320100199201031012 王六二 42720 20140103 244.9
320100199201041013 王六三 42720 20140104 244.9
320100199201051014 王六四 42720 20140105 244.9
320100199201061015 王六五 42720 20140106 244.9
320100199601081087 李一七 91320 20160102 301.7
320100199201081017 王六七 42720 20140108 244.9
320100199201091018 王六八 42720 20140109 244.9
320100199201101019 王六九 42720 20140110 244.9

320100199301011190 王七十 42310 20140101 213.7
320100199301021190 王七一 42110 20140102 213.7
320100199301031190 王七二 42710 20140103 213.7
320100199301041190 王七三 42313 20140104 213.7
320100199301051190 王七四 42310 20140105 213.7
320100199601081087 李一七 12320 20200101 301.7
320100199301071190 王七六 42312 20140107 213.7
320100199301081190 王七七 42310 20140108 213.7
320100199301091190 王七八 42320 20140109 213.7
320100199301101190 王七九 42320 20140110 213.7
320100199401012070 王八十 41320 20140101 213.7
320100199401022071 王八一 41320 20140102 213.7
320100199401032072 王八二 41320 20140103 217
320100199401042073 王八三 41321 20140104 215.7
320100199601081087 李一七 11220 20130101 301.7
320100199401062075 王八五 41320 20140106 223.7
320100199601081087 李一七 11222 20170504 301.7
320100199401072076 王八六 41320 20140107 294.7
320100199401082077 王八七 42320 20140108 283.7
320100199401092078 王八八 41321 20140109 272.7
320100199401102079 王八九 41322 20140110 292.7

320100199501012080 王九十 91320 20150101 301.7
320100199501022081 王九一 91321 20150101 301.7
320100199501032082 王九二 91322 20150101 301.7
320100199601081087 李一七 11327 20131001 301.7
320100199501052084 王九四 91323 20150102 301.7
320100199501062085 王九五 91320 20150101 301.7
320100199501072086 王九六 91323 20150102 301.7
320100199501082087 王九七 91320 20150101 301.7
320100199501092088 王九八 91321 20150109 301.7
320100199501102089 王九九 91320 20150101 301.7

320100199601011080 李一一 11320 20160101 301.7
320100199601021081 李一二 11320 20160101 301.7
320100199601031082 李一三 11320 20160107 341.7
320100199601041083 李一四 11320 20160101 301.7
320100199601051084 李一五 11320 20160101 301.7
320100199601061085 李一六 11323 20160201 301.7
320100199601081087 李一七 11320 20160101 301.7
320100199601091088 李一八 11320 20160101 301.7
320100199601101089 李一九 11320 20160104 309.7
320100199601111010 李二十 11320 20160101 301.7
320100199701071086 李二一 11320 20160101 301.7
320100199701091083 李二二 11320 20160101 301.7